# Total Phonon DOS 
# Structure number  1
    0.00000    0.04878049
  100.43690    0.42682927
  200.87380    0.21341463
  301.31070    0.06707317
  401.74761    0.07926829
  502.18451    0.09756098
  602.62141    0.00609756
  703.05831    0.01219512
  803.49521    0.00000000
  903.93211    0.01219512
 1004.36901    0.00000000
 1104.80592    0.00609756
 1205.24282    0.00000000
 1305.67972    0.00000000
 1406.11662    0.00609756
 1506.55352    0.00000000
 1606.99042    0.00000000
 1707.42732    0.00000000
 1807.86423    0.00609756
 1908.30113    0.00000000
 2008.73803    0.00609756
 2109.17493    0.00000000
 2209.61183    0.00000000
 2310.04873    0.00000000
 2410.48563    0.00000000
 2510.92254    0.00000000
 2611.35944    0.00000000
 2711.79634    0.00000000
 2812.23324    0.00000000
 2912.67014    0.00000000
 3013.10704    0.00609756
 3113.54394    0.00000000
 3213.98085    0.00000000
 3314.41775    0.00000000
 3414.85465    0.00000000
 3515.29155    0.00000000
 3615.72845    0.00000000
 3716.16535    0.00000000
 3816.60225    0.00000000
 3917.03916    0.00000000
 4017.47606    0.00000000
 4117.91296    0.00000000
 4218.34986    0.00000000
 4318.78676    0.00000000
 4419.22366    0.00000000
 4519.66056    0.00000000
 4620.09747    0.00000000
 4720.53437    0.00000000
 4820.97127    0.00000000
 4921.40817    0.00000000
 5021.84507    0.00000000
 5122.28197    0.00000000
 5222.71887    0.00000000
 5323.15578    0.00000000
 5423.59268    0.00000000
 5524.02958    0.00000000
 5624.46648    0.00000000
 5724.90338    0.00000000
 5825.34028    0.00000000
 5925.77718    0.00000000
 6026.21408    0.00000000
 6126.65099    0.00000000
 6227.08789    0.00000000
 6327.52479    0.00609756
